"Id","Prediction1","Prediction2","Prediction3","Prediction4","Prediction5","Prediction6","Prediction7","Prediction8","Prediction9"
"Ig2DB5tSiEy1cJvV0zdw",0.21,0.2,0.222,0.062,0.052,0.128,0.012,0.022,0.092
"ITSUPtCmh7WdJcsYDwQ5",0.174,0.118,0.31,0.092,0.062,0.07,0.032,0.054,0.088
"iwXK2bUysO0CPvBf8nTt",0.124,0.13,0.138,0.094,0.078,0.168,0.056,0.096,0.116
"jEAbMPelkWmNgCrGU2QY",0.156,0.098,0.164,0.176,0.09,0.096,0.046,0.076,0.098
"Jmo6eIhLZ4t9r8QsxEg5",0.146,0.162,0.176,0.088,0.066,0.13,0.044,0.076,0.112
"JtPFl4ewgdD78OzCMa3o",0.138,0.302,0.148,0.066,0.026,0.128,0.03,0.078,0.084
"jxrmMI8yPStoDdgE7Y4J",0.156,0.072,0.07,0.236,0.056,0.118,0.06,0.122,0.11
"jZGQELvdhm2H6rOJTXun",0.152,0.12,0.218,0.07,0.082,0.076,0.042,0.108,0.132
"k35N9Ff2T14v7URulmz6",0.104,0.096,0.576,0.024,0.046,0.038,0.014,0.056,0.046
"k3OSYcwRsvCqeo7dTWQx",0.158,0.218,0.358,0.048,0.04,0.068,0.012,0.032,0.066
"K3ZtByPHGSFYNljDUEXp",0.158,0.2,0.272,0.054,0.058,0.09,0.012,0.05,0.106
"k4csoPNJnWbEFVXUarZi",0.138,0.124,0.368,0.062,0.05,0.054,0.036,0.1,0.068
"k4HCwy5WRFXczJU6eQdT",0.11,0.194,0.402,0.058,0.064,0.04,0.022,0.06,0.05
"k53ge1iSJsBnP2Zyx6vU",0.152,0.166,0.396,0.058,0.026,0.054,0.016,0.054,0.078
"k5McbjYX1xOBPouD6zNF",0.11,0.11,0.562,0.032,0.038,0.044,0.028,0.032,0.044
"K5PTipJ9XhUo4ZNeMW2a",0.094,0.106,0.612,0.024,0.026,0.038,0.014,0.054,0.032
"K5qpgj7bdnhS2r30OEzY",0.118,0.144,0.47,0.032,0.042,0.026,0.016,0.048,0.104
"K62VOEBLnk8crZ4MmsXT",0.142,0.19,0.412,0.06,0.03,0.038,0.02,0.054,0.054
"k6F4jOnWJoGgHqUDIwMs",0.14,0.148,0.42,0.06,0.054,0.036,0.026,0.048,0.068
"K7ZiVIxskzvctNT0qyA3",0.14,0.176,0.38,0.064,0.042,0.04,0.008,0.074,0.076
"K89sTRoP52wWL7rZUNdt",0.13,0.118,0.554,0.056,0.038,0.032,0.006,0.018,0.048
"k8pbaijqhTFKUW0PCrEL",0.136,0.252,0.302,0.056,0.038,0.042,0.044,0.032,0.098
"k9hbKLPlneoFTBiOWysq",0.114,0.146,0.476,0.064,0.046,0.044,0.012,0.044,0.054
"k9jR0qgytLGaQMEv6814",0.092,0.118,0.488,0.046,0.038,0.056,0.024,0.038,0.1
"K9moual27cWIk5bJOpiH",0.152,0.204,0.27,0.09,0.05,0.092,0.012,0.064,0.066
"k9XzyGub2DleEaHZ5dic",0.136,0.19,0.378,0.064,0.05,0.052,0.01,0.044,0.076
"k9YaL4RbcBTPlFeVJG5E",0.118,0.106,0.602,0.032,0.026,0.042,0.026,0.016,0.032
"KanJvZ3Is0X8L1G42hVj",0.168,0.184,0.328,0.08,0.06,0.048,0.026,0.028,0.078
"KAPHdnDUgF3m5pEGwxXc",0.16,0.144,0.364,0.062,0.048,0.054,0.026,0.068,0.074
"kathofyZIdzYg8LiHw4F",0.182,0.182,0.41,0.038,0.024,0.046,0.018,0.028,0.072
"KB7ybYxf95pdtUoGzl3u",0.136,0.128,0.472,0.022,0.042,0.056,0.022,0.05,0.072
"KBbVJcQrqAu4zROsEwi0",0.162,0.124,0.45,0.042,0.052,0.044,0.024,0.048,0.054
"kbrfdsqFnzU1CwBaDNgm",0.184,0.222,0.256,0.078,0.028,0.084,0.02,0.068,0.06
"kBvgEC8XjqmJ15wlGzNi",0.15,0.196,0.264,0.098,0.054,0.068,0.024,0.046,0.1
"KBZ4cC3QsAgrqI80OWlm",0.126,0.166,0.44,0.068,0.04,0.058,0.01,0.036,0.056
"KBZO3jLb5A7ieDWYTMgR",0.112,0.142,0.414,0.044,0.056,0.034,0.042,0.062,0.094
"Kc1MZuDl4XTwY5dBVHGO",0.146,0.194,0.416,0.052,0.044,0.032,0.022,0.036,0.058
"kC1v6rlGVYspQnWb4LcE",0.1,0.188,0.472,0.036,0.046,0.058,0.016,0.028,0.056
"Kc4SyjBQDJw2bgkFL7xW",0.126,0.132,0.458,0.058,0.064,0.044,0.02,0.022,0.076
"kC5hXWqHeafnmlFZYt8K",0.118,0.13,0.476,0.058,0.06,0.05,0.026,0.036,0.046
"kc7ngdq2ZCAfiPTQX1Ov",0.134,0.184,0.382,0.05,0.05,0.062,0.024,0.058,0.056
"KceFACkhxOnPlMqSm1u5",0.23,0.24,0.116,0.064,0.048,0.12,0.008,0.05,0.124
"kChVuJ4xHPYBjWz26EAq",0.134,0.218,0.37,0.064,0.048,0.062,0.024,0.024,0.056
"kCq4p9vu85HPdKmwYrQf",0.142,0.194,0.4,0.04,0.056,0.052,0.016,0.034,0.066
"KCvj7cQ1dHEFDBruTZpV",0.114,0.136,0.514,0.044,0.046,0.042,0.012,0.032,0.06
"KCvjZO7bGhenNRq8xLsf",0.172,0.196,0.316,0.052,0.028,0.078,0.008,0.03,0.12
"Kd12HQZcimaelnDO9EUh",0.126,0.214,0.458,0.028,0.042,0.03,0.04,0.018,0.044
"kD5xoVPaUnfEJie3BSqb",0.116,0.148,0.482,0.046,0.054,0.028,0.034,0.04,0.052
"kD7mOzsypXe92BPjnbEJ",0.126,0.158,0.428,0.05,0.044,0.048,0.026,0.042,0.078
"kdGtRWsX5KwEOfqzeQVc",0.13,0.128,0.456,0.05,0.044,0.042,0.032,0.05,0.068
"KDHx9P6m25ocdLaqVn8k",0.142,0.224,0.272,0.072,0.054,0.096,0.014,0.052,0.074
"KdNvgGqOjlb4ipZ8R9AW",0.228,0.098,0.08,0.092,0.04,0.116,0.048,0.144,0.154
"KdPYn71UFm5JOt3gxR69",0.136,0.12,0.418,0.044,0.068,0.034,0.048,0.036,0.096
"KDQ13ouamdPnSlhzTRJe",0.29,0.362,0.14,0.014,0.012,0.058,0.008,0.03,0.086
"KE3w1tc4flX7UngQ5yTq",0.174,0.148,0.378,0.064,0.054,0.048,0.018,0.058,0.058
"kedWYlqLXtZ4URpVjTKA",0.14,0.2,0.252,0.094,0.048,0.1,0.036,0.042,0.088
"KEhusGlH2O4qwTymPZRQ",0.112,0.14,0.478,0.05,0.046,0.048,0.03,0.034,0.062
"keoP0INSCfWVK8JAUtqH",0.2,0.224,0.188,0.06,0.024,0.1,0.022,0.052,0.13
"kErULV6zb45aPAcde0Gg",0.252,0.128,0.08,0.062,0.028,0.112,0.038,0.166,0.134
"kESYlrHR7uPsmAQ15yGD",0.192,0.476,0.132,0.032,0.01,0.036,0.004,0.03,0.088
"KeUbT8aAzGDE7YxNkWwh",0.104,0.154,0.41,0.064,0.064,0.05,0.02,0.034,0.1
"KeY3vQyRA4qXkVfoMuhz",0.252,0.198,0.148,0.068,0.002,0.106,0.022,0.084,0.12
"KeYSwrbd2cI6o9TkOpi4",0.182,0.198,0.302,0.05,0.028,0.074,0.01,0.036,0.12
"Kfa8gNoHYOjXVv1A7ueB",0.286,0.24,0.106,0.048,0.022,0.15,0.012,0.048,0.088
"KFboDTnWNsOkzIl8rX6R",0.122,0.132,0.506,0.046,0.018,0.052,0.014,0.05,0.06
"KFBXbSr9a8mYC7cDkflH",0.168,0.19,0.386,0.044,0.034,0.04,0.022,0.044,0.072
"KFczEQCIau7D20MROmHl",0.17,0.232,0.278,0.06,0.046,0.084,0.014,0.03,0.086
"kFeS80wi6C4ghrZWsDzp",0.184,0.176,0.394,0.052,0.058,0.028,0.032,0.026,0.05
"KFHlYPzy0Emni9exLs3C",0.272,0.266,0.166,0.05,0.02,0.062,0.024,0.068,0.072
"kfJlNShP5YTmDQCnIbsz",0.14,0.142,0.382,0.072,0.068,0.036,0.04,0.044,0.076
"KFlbgmf4GZjHhIsX92Yr",0.148,0.146,0.394,0.058,0.044,0.07,0.018,0.054,0.068
"Kfycqa1HbCrsp59B6wiD",0.132,0.146,0.418,0.044,0.036,0.042,0.038,0.04,0.104
"kFzcHMjhVK01fla5LZU4",0.138,0.214,0.442,0.032,0.034,0.036,0.016,0.028,0.06
"kG04owYzu6xi5ZFNm2bA",0.306,0.182,0.132,0.062,0.012,0.078,0.008,0.094,0.126
"Kg5r4wAEVMxXTNtpC9fi",0.278,0.262,0.098,0.048,0.022,0.096,0.026,0.092,0.078
"KG6ZtkgjohnTHX9McR4w",0.298,0.252,0.088,0.028,0.012,0.158,0.014,0.042,0.108
"KGA8EhzSPqxyN9wCmeiV",0.182,0.124,0.114,0.092,0.048,0.192,0.054,0.086,0.108
"kGcnKw1FrlZ5iDPa4SV6",0.286,0.152,0.132,0.078,0.032,0.054,0.032,0.108,0.126
"KgeRjWv2mEbQUZTcMNyr",0.144,0.244,0.262,0.064,0.044,0.086,0.008,0.04,0.108
"KgIFab2pZd0huJErCLxf",0.136,0.236,0.402,0.052,0.028,0.04,0.022,0.018,0.066
"KGPCEf430IcB1OpbthkR",0.122,0.41,0.146,0.042,0.02,0.156,0.006,0.032,0.066
"kGSAgjOMfsVwpRHt86XP",0.206,0.084,0.068,0.11,0.046,0.12,0.058,0.164,0.144
"KgTenSHvjFyEG9BV2Yur",0.126,0.184,0.428,0.04,0.032,0.048,0.048,0.024,0.07
"kGW27noyvwBUJXeMQzgI",0.224,0.372,0.174,0.024,0.014,0.058,0.01,0.044,0.08
"kh7sCzRjDlfmLeoivaSx",0.146,0.08,0.068,0.102,0.026,0.172,0.074,0.154,0.178
"KHc36DE5SXAedfmtq7pI",0.336,0.208,0.096,0.074,0.02,0.08,0.024,0.07,0.092
"Khd7twRzTPgCji3v4lmS",0.2,0.212,0.296,0.03,0.034,0.094,0.024,0.042,0.068
"KHepg3qX6ZWOy2VsdRDQ",0.206,0.324,0.16,0.034,0.018,0.06,0.03,0.058,0.11
"KhP86Nrz3fbmHCo9U0Bi",0.13,0.162,0.468,0.064,0.04,0.04,0.014,0.034,0.048
"KHpJcA0hTf7yrBuMia3S",0.27,0.234,0.152,0.03,0.01,0.048,0.018,0.082,0.156
"kHZ8QmvqJ5KdliPrshLF",0.108,0.174,0.49,0.024,0.028,0.038,0.004,0.04,0.094
"KI1eOvfhVoEsa50DLQdA",0.158,0.22,0.372,0.038,0.032,0.034,0.042,0.028,0.076
"ki5IBXOYRUDbPftZu2Fj",0.132,0.164,0.404,0.064,0.046,0.044,0.034,0.036,0.076
"KI6VEf2DqSA1MwOmNkne",0.306,0.248,0.128,0.038,0.014,0.122,0.01,0.026,0.108
"KI96FxUmuC5XiYrBOhos",0.162,0.2,0.376,0.036,0.032,0.042,0.026,0.048,0.078
"KiA21gsH53xyUJldhetY",0.336,0.25,0.132,0.028,0.012,0.094,0.014,0.022,0.112
"KiB71FlCte0Jcdh8AraW",0.232,0.396,0.14,0.02,0.002,0.07,0.016,0.024,0.1
"KIBotXZz3920bRdQDx6q",0.36,0.096,0.08,0.066,0.036,0.128,0.032,0.084,0.118
"kIitDxavgQ3S7RT5Uz6Y",0.084,0.144,0.586,0.012,0.026,0.042,0.012,0.036,0.058
"KiQ6kqfNGc2HCVjuwh8X",0.224,0.216,0.142,0.038,0.014,0.112,0.014,0.034,0.206
"kir0h6ysKoMBmn1EGWXI",0.154,0.21,0.416,0.024,0.05,0.036,0.01,0.028,0.072
"kiXUJmAB3EWldcIuTaCp",0.102,0.054,0.674,0.038,0.028,0.024,0.01,0.024,0.046
"kj6KzLyvhFOUtVaIwgdY",0.124,0.192,0.406,0.042,0.056,0.046,0.012,0.06,0.062
"KjahktrDysCMB0ol2LOE",0.216,0.202,0.132,0.06,0.014,0.16,0.028,0.09,0.098
"KjaMl5ZoxLbpeTWBcVI3",0.196,0.06,0.056,0.122,0.034,0.104,0.108,0.148,0.172
"KJAPc4qD5tMsXxkGVoe7",0.258,0.304,0.144,0.028,0.008,0.066,0.004,0.102,0.086
"kJCHiZQM5WpUGXa8YjmT",0.196,0.11,0.054,0.154,0.046,0.098,0.042,0.168,0.132
"kjczfhuJZytUIGiYMTKO",0.12,0.178,0.422,0.04,0.054,0.044,0.026,0.052,0.064
"KJfPRg9v7YoDId8Tur36",0.188,0.112,0.072,0.098,0.022,0.124,0.046,0.116,0.222
"KjlaqWhJTyCRIzgQ5SMA",0.33,0.146,0.138,0.044,0.014,0.098,0.028,0.07,0.132
"kJMF3bUKutpyOWw7Aie5",0.156,0.138,0.404,0.06,0.05,0.05,0.022,0.062,0.058
"KjPDpuYtB2ENFhkHfAUM",0.254,0.042,0.072,0.116,0.048,0.128,0.064,0.13,0.146
"KjQrS08N3ROdzhm4XJID",0.122,0.148,0.438,0.036,0.058,0.058,0.012,0.046,0.082
"KJrPf2Vo34EFvyHTb5ca",0.15,0.104,0.056,0.126,0.028,0.174,0.046,0.138,0.178
"kjY8x9QVn3WZd2EcHBoT",0.282,0.114,0.064,0.11,0.038,0.148,0.038,0.096,0.11
"KjZHu0Dl8zPBG3MarUt6",0.352,0.12,0.08,0.076,0.016,0.112,0.024,0.1,0.12
"Kk1nsQl2bv6AVZiJRpBx",0.154,0.148,0.398,0.076,0.048,0.042,0.01,0.044,0.08
"kK3GVSuYxfQlpAFhebE9",0.16,0.23,0.372,0.044,0.042,0.038,0.014,0.032,0.068
"kK5cmTLBN6fo3avxDzJs",0.174,0.076,0.082,0.092,0.024,0.206,0.08,0.106,0.16
"kKCWQRUBHXT0xPFZzviE",0.2,0.124,0.356,0.072,0.052,0.056,0.008,0.034,0.098
"kKJfXO8eMwhHUpoLi3g6",0.256,0.228,0.146,0.048,0.024,0.058,0.018,0.058,0.164
"kKSt1zOiFwNoH7sExBbg",0.268,0.218,0.062,0.072,0.004,0.164,0.026,0.06,0.126
"kKZDJb86Xi7GLj9EU45F",0.12,0.23,0.448,0.034,0.032,0.038,0.012,0.032,0.054
"kL7xoqY4CWPOcivSJRND",0.158,0.218,0.27,0.07,0.058,0.1,0.016,0.038,0.072
"kl9CO7DQgVp3qwtPdL2r",0.188,0.154,0.412,0.042,0.044,0.042,0.02,0.028,0.07
"KLCJ54mcXibYSkrIowea",0.134,0.092,0.514,0.048,0.04,0.058,0.03,0.032,0.052
"kLEO8IGfFSqozQAZ45Py",0.26,0.232,0.126,0.034,0.006,0.108,0.03,0.076,0.128
"klG826nTQ0tibh7XKyzw",0.344,0.076,0.106,0.058,0.026,0.122,0.052,0.082,0.134
"Klmu2kvABid9GO1oWECw",0.138,0.166,0.394,0.062,0.054,0.048,0.026,0.058,0.054
"klPyYfR0i6hw2m87zQOd",0.142,0.174,0.388,0.048,0.038,0.054,0.032,0.04,0.084
"klU0puwnxOFAgH4M65rN",0.16,0.122,0.43,0.068,0.044,0.044,0.034,0.022,0.076
"KlUrxFo6M430ILWRaQOq",0.154,0.196,0.104,0.116,0.054,0.164,0.018,0.09,0.104
"KLWS8rqmP5CaIdl9Rbwt",0.188,0.19,0.092,0.134,0.032,0.112,0.048,0.122,0.082
"klYbmsOX4UVwenuBqajp",0.2,0.416,0.13,0.02,0.018,0.058,0.012,0.034,0.112
"KlYSULBXo4uDrgnaiMwk",0.192,0.174,0.246,0.084,0.058,0.126,0.026,0.04,0.054
"Km8una26O7PXrf9EdiVL",0.276,0.318,0.1,0.038,0.014,0.08,0.02,0.048,0.106
"kmgiCGj5SPI0RrAUpYqd",0.172,0.204,0.18,0.05,0.022,0.084,0.022,0.062,0.204
"KMh2yDGU0arC9FsgfAdO",0.338,0.076,0.088,0.078,0.028,0.098,0.024,0.13,0.14
"kmH7l0JGpKQcu8n5AieC",0.128,0.17,0.428,0.054,0.052,0.032,0.014,0.05,0.072
"kmHT32D4xXjCvYZlJ7rz",0.188,0.296,0.12,0.06,0.04,0.076,0.008,0.072,0.14
"kmoP4dlrVeCXjWy7psb6",0.202,0.168,0.06,0.116,0.024,0.114,0.05,0.084,0.182
"kmV03tiB4Sn8TAjDRgaM",0.182,0.146,0.134,0.052,0.024,0.118,0.042,0.07,0.232
"kMW5ph9PUlTL1zeO7v0S",0.274,0.074,0.074,0.116,0.034,0.104,0.058,0.104,0.162
"kn0Hc9E7Xyl4zmuSZGLJ",0.156,0.108,0.048,0.232,0.028,0.104,0.022,0.158,0.144
"Kn5gkb4W6Mz0rRZIoOtf",0.158,0.242,0.362,0.034,0.042,0.026,0.036,0.038,0.062
"Kn6UXspDdgtwo7NGcSzR",0.314,0.224,0.148,0.036,0.018,0.08,0.026,0.062,0.092
"kNaeA1bKLyTYCiwcHRuW",0.082,0.078,0.71,0.008,0.032,0.046,0.012,0.014,0.018
"kNaJHRoUBItgMDczQEF6",0.19,0.18,0.266,0.052,0.054,0.08,0.024,0.062,0.092
"KneDXypBEb5LSRsumkaC",0.306,0.164,0.086,0.09,0.022,0.098,0.04,0.096,0.098
"kNfxV2T16FivMcSsypm9",0.226,0.142,0.168,0.05,0.022,0.08,0.036,0.084,0.192
"kNoYFsePUh8uLWx7gEmz",0.19,0.222,0.234,0.07,0.034,0.11,0.018,0.064,0.058
"knOYleo3Ra7dgpTjNFUC",0.176,0.076,0.1,0.104,0.036,0.176,0.102,0.114,0.116
"KNvsfthG2Pi97V6FbDCL",0.204,0.04,0.09,0.194,0.038,0.12,0.072,0.104,0.138
"kNX5lZbpGWL3VgO8Hrdc",0.304,0.264,0.154,0.034,0.02,0.054,0.01,0.056,0.104
"KoDE0fpaQMG8T6RhjrSn",0.19,0.194,0.268,0.05,0.05,0.076,0.028,0.06,0.084
"kOdNEuQ4z1mVWoLxTrnP",0.136,0.14,0.458,0.026,0.044,0.036,0.03,0.052,0.078
"KOFjpx4N2u1EAGMIT38i",0.326,0.18,0.056,0.1,0.022,0.084,0.038,0.082,0.112
"kOG27VvCYUieZ8dXWKFT",0.126,0.164,0.466,0.028,0.042,0.034,0.016,0.046,0.078
"KOHC6vwryfx39bNpQI1W",0.162,0.134,0.386,0.07,0.068,0.058,0.018,0.042,0.062
"KOIqk23f0eh6GBvmCJAi",0.22,0.242,0.156,0.07,0.022,0.084,0.022,0.06,0.124
"koKcTBFh6OsfeQurPdX0",0.056,0.032,0.014,0.076,0.016,0.058,0.044,0.628,0.076
"Kokva8eudpqOTnDNsrjx",0.122,0.114,0.484,0.06,0.052,0.046,0.026,0.018,0.078
"KOnRu8zyDgf3SPZW0B5i",0.158,0.258,0.156,0.082,0.018,0.14,0.04,0.054,0.094
"kORPtu7LpHJ34UbcSXIs",0.084,0.028,0.056,0.1,0.04,0.102,0.078,0.4,0.112
"KOtPQ3YMr9VwShdCkW0G",0.142,0.144,0.39,0.048,0.034,0.092,0.034,0.05,0.066
"kOvwHot8pFKxBZQGa9WU",0.21,0.208,0.134,0.048,0.016,0.096,0.048,0.07,0.17
"koWBd07ltihS9Oseuy5J",0.238,0.262,0.076,0.04,0.022,0.12,0.02,0.048,0.174
"kOyob690MWafVJQcdA4w",0.256,0.116,0.096,0.076,0.024,0.144,0.052,0.13,0.106
"Kp2DgSAM6PWbvdGrkFIu",0.128,0.162,0.414,0.028,0.04,0.032,0.042,0.056,0.098
"kP8Nh2GBQ1LS4wHXixWj",0.178,0.176,0.378,0.046,0.056,0.04,0.018,0.04,0.068
"KP9YUkWe0mdVXatfb3J4",0.308,0.232,0.116,0.038,0.01,0.076,0.016,0.116,0.088
"KPDpswWqXRhCrfcSiYFU",0.116,0.142,0.5,0.044,0.05,0.042,0.014,0.04,0.052
"KPE5wLGxWJpShlYAoMDt",0.2,0.27,0.13,0.034,0.01,0.088,0.018,0.06,0.19
"KpliYqCUSnagxRjcvVLb",0.168,0.13,0.452,0.036,0.042,0.032,0.04,0.028,0.072
"kPOWthdvoQinEmcHCYwF",0.156,0.194,0.392,0.034,0.044,0.036,0.02,0.028,0.096
"KPpgsXuFDSJAmVCkoYEh",0.038,0.026,0.874,0.01,0.008,0.012,0.01,0.016,0.006
"KpQdY43VLUGNjsg8DIRP",0.248,0.196,0.146,0.048,0.02,0.09,0.022,0.044,0.186
"KprYJMufGvRQFEwcXai0",0.254,0.166,0.144,0.078,0.022,0.07,0.014,0.05,0.202
"kpu1aZPW3doQIt6cgiE0",0.146,0.038,0.038,0.242,0.052,0.108,0.09,0.114,0.172
"kPvmQx1U5V3Cqbs207o8",0.146,0.046,0.06,0.184,0.03,0.154,0.07,0.178,0.132
"Kq1XY3dpkZTm2UtgoScH",0.152,0.162,0.386,0.068,0.028,0.068,0.014,0.016,0.106
"Kq3jEhGVcAyRYux0NQTw",0.156,0.212,0.376,0.044,0.046,0.036,0.022,0.038,0.07
"KQ8ostHL6kOBWINJ52ia",0.176,0.058,0.062,0.112,0.038,0.12,0.13,0.138,0.166
"kQEZGFpUlvBLMniA1PID",0.262,0.228,0.154,0.054,0.006,0.122,0.008,0.05,0.116
"KqH0CMbtUPvy3627cZaG",0.364,0.16,0.086,0.05,0.01,0.102,0.024,0.072,0.132
"KQhBbnIVzkGlFsUrPpEo",0.128,0.11,0.098,0.134,0.022,0.194,0.058,0.112,0.144
"KQhmae36WxFwJEP2dRnc",0.138,0.214,0.35,0.032,0.054,0.046,0.036,0.038,0.092
"KQNfmuhCZVL2Tdq9P1ox",0.224,0.172,0.138,0.042,0.014,0.074,0.012,0.088,0.236
"kqNoEFWJcx5hg8aY9RnT",0.318,0.07,0.124,0.06,0.032,0.114,0.046,0.102,0.134
"KqpxHbk5gIB6fWcrT1sv",0.214,0.152,0.078,0.108,0.038,0.156,0.058,0.078,0.118
"kQqgyMlvcLfOdZai8wAn",0.204,0.26,0.168,0.036,0.024,0.088,0.018,0.07,0.132
"kQU8rcmHw4nX6YSv0pVg",0.306,0.176,0.082,0.04,0.028,0.098,0.038,0.144,0.088
"kquK6t0MfpvBchWSj3r8",0.144,0.124,0.428,0.05,0.056,0.048,0.044,0.04,0.066
"kqvD736GuW0ZIeBXCSJb",0.138,0.254,0.412,0.036,0.036,0.04,0.014,0.038,0.032
"KqWTGLXMICY3fVdJ0a6S",0.17,0.146,0.352,0.056,0.028,0.062,0.03,0.082,0.074
"kqYKRLPGbS1BpNQXnEhf",0.122,0.18,0.412,0.044,0.062,0.036,0.02,0.046,0.078
"KR0J2r8dC7e5ylv6TBO4",0.116,0.094,0.11,0.128,0.042,0.162,0.072,0.178,0.098
"kr0zBNeyinxdgqFbSRmJ",0.154,0.156,0.358,0.05,0.044,0.048,0.052,0.058,0.08
"kr486TFKox2JOIptcsEm",0.234,0.172,0.106,0.084,0.032,0.094,0.016,0.104,0.158
"KrcouBJXt9w56Rzn2kdb",0.146,0.174,0.446,0.03,0.038,0.066,0.016,0.024,0.06
"KrCp0h6WzM5bcldA2ZfB",0.2,0.082,0.066,0.206,0.028,0.09,0.066,0.148,0.114
"KrcTptgA6adEjPs92nYw",0.26,0.222,0.094,0.104,0.032,0.058,0.054,0.072,0.104
"krcvwaG74DVn0bY92Bo3",0.302,0.114,0.126,0.048,0.012,0.098,0.048,0.098,0.154
"Krd7Lf1GuY3zmlkJNOIy",0.118,0.166,0.472,0.038,0.046,0.022,0.02,0.048,0.07
"KRESoq4MPIdhamnxB1j0",0.184,0.054,0.09,0.128,0.024,0.126,0.114,0.122,0.158
"Krg5aSOJcyb7iGBIWANE",0.128,0.032,0.024,0.102,0.026,0.106,0.09,0.374,0.118
"KRhgA4WqikOJr5acb7v0",0.176,0.214,0.228,0.088,0.086,0.068,0.022,0.044,0.074
"kRhOZ1VoeTEQ5jMYdAi6",0.158,0.062,0.084,0.136,0.04,0.13,0.088,0.15,0.152
"krJ39nKeY5WVSstqbgjF",0.3,0.216,0.14,0.064,0.028,0.08,0.026,0.048,0.098
"KrJgPojG2YXqD6h3OnL7",0.116,0.148,0.426,0.048,0.03,0.036,0.064,0.044,0.088
"kRJHCtPK5pWg1BITminf",0.184,0.128,0.228,0.132,0.082,0.08,0.01,0.08,0.076
"KRLpB4xIaHO1b6TJDguj",0.238,0.19,0.092,0.072,0.02,0.14,0.026,0.09,0.132
"kRlqDFth9doJ4LeG6NaO",0.134,0.222,0.408,0.042,0.034,0.036,0.012,0.022,0.09
"kRmF9Szy715CWrQAsgjV",0.062,0.036,0.02,0.056,0.01,0.052,0.062,0.67,0.032
"KRo3dktMBreVOTaN91ng",0.124,0.164,0.398,0.056,0.054,0.032,0.044,0.06,0.068
"KRpbT6s1SYtq9fygWnHa",0.138,0.172,0.372,0.044,0.042,0.036,0.036,0.064,0.096
"Krpz1iqB3xVAU2GE4uXs",0.182,0.154,0.43,0.034,0.044,0.044,0.012,0.032,0.068
"KrQA1qwVknXcLgp57yTd",0.072,0.024,0.012,0.08,0.032,0.102,0.102,0.492,0.084
"krqeHflb34U5GXFV6dKD",0.266,0.334,0.152,0.032,0.01,0.086,0.008,0.032,0.08
"KrqUNhJMkID1Bdc2RjL6",0.026,0.026,0.878,0.014,0.014,0.008,0.006,0.014,0.014
"krul0tsd5GNDpL8VmQJP",0.116,0.186,0.44,0.05,0.046,0.042,0.034,0.032,0.054
"KRw9UFNH0EMQCDdnq36t",0.088,0.168,0.504,0.028,0.048,0.048,0.018,0.042,0.056
"krwph0Tsv1eMgWau5AyC",0.156,0.182,0.43,0.038,0.028,0.03,0.02,0.034,0.082
"Krwy6hx1aS0LQqtT3u9A",0.23,0.194,0.178,0.046,0.014,0.064,0.024,0.064,0.186
"KRYaju0ftAxo8hwE2Qc7",0.138,0.138,0.1,0.1,0.016,0.136,0.058,0.178,0.136
"KrzCg8qa57Y9oXTWPEf2",0.138,0.15,0.368,0.08,0.06,0.054,0.02,0.06,0.07
"Ks05u9knMy3e2tWZbE1l",0.172,0.378,0.126,0.032,0.014,0.118,0.01,0.066,0.084
"kS4AXcLZgy08JotpBvVQ",0.148,0.158,0.37,0.042,0.034,0.068,0.036,0.074,0.07
"ks4VeDC58xPorHO3GEY2",0.166,0.058,0.092,0.134,0.026,0.138,0.128,0.108,0.15
"Ks4xrBOT1nJPdXjMRqg2",0.13,0.038,0.038,0.124,0.04,0.106,0.076,0.3,0.148
"ks8rpJhTM6u9gKZ5ENLF",0.076,0.026,0.048,0.274,0.064,0.06,0.218,0.148,0.086
"Ksb68Q0lrSPmTfN31WFo",0.112,0.112,0.524,0.032,0.048,0.042,0.018,0.064,0.048
"ksC3pfRQgOMayInuKhB4",0.11,0.074,0.06,0.114,0.022,0.154,0.104,0.164,0.198
"ksghRwPpEHZKS6racFJI",0.108,0.028,0.026,0.242,0.042,0.13,0.2,0.15,0.074
"KsgxWwSi5JAO4HZ8n6bN",0.124,0.132,0.514,0.042,0.046,0.044,0.01,0.032,0.056
"ksLDohN6CpB7zwRqZavy",0.186,0.09,0.07,0.076,0.046,0.196,0.052,0.106,0.178
"ksLeYO8JX5wulq0GZrFx",0.056,0.028,0.024,0.058,0.018,0.058,0.056,0.632,0.07
"kSlXc6bPEe7qCBwdyMzs",0.208,0.362,0.136,0.03,0.016,0.08,0.02,0.042,0.106
"KSLyD36lVQtdGanhRrom",0.31,0.266,0.09,0.044,0.01,0.058,0.014,0.08,0.128
"ksNj7giGHFqP0bxVm1SM",0.13,0.162,0.414,0.04,0.048,0.068,0.014,0.038,0.086
"KSTcW2vhyePkXQbsz6pZ",0.142,0.154,0.416,0.064,0.036,0.044,0.038,0.03,0.076
"kSTf8hs6Be9WGZCVIKUD",0.12,0.168,0.092,0.162,0.05,0.16,0.044,0.112,0.092
"KSVWC3EbRgzvAGoXIQNl",0.366,0.128,0.056,0.064,0.026,0.116,0.032,0.096,0.116
"kSWFZNYso0xVvuQm1jXG",0.168,0.18,0.142,0.064,0.018,0.118,0.02,0.086,0.204
"KsxtpFuP34y6Tfq8CZhc",0.1,0.114,0.5,0.046,0.05,0.04,0.034,0.062,0.054
"Kt0Z19pPz5FfRUxV6yiv",0.15,0.53,0.138,0.022,0.02,0.038,0.004,0.044,0.054
"KT74PFsiX1OIlzna0yRJ",0.132,0.14,0.39,0.066,0.032,0.044,0.03,0.076,0.09
"kT7D3ygfAv2Zql14m5zx",0.28,0.204,0.146,0.046,0.012,0.068,0.01,0.062,0.172
"Kt8YrMW1zJS0DIy6qd3o",0.136,0.23,0.402,0.024,0.052,0.042,0.024,0.03,0.06
"KtBGrLjM4h8AdRiIO2TX",0.148,0.232,0.256,0.084,0.054,0.088,0.014,0.04,0.084
"KTdgrwnjmFp50cPYthfb",0.16,0.166,0.36,0.062,0.056,0.046,0.026,0.032,0.092
"ktFHx0q19gRTljLWJhVI",0.236,0.23,0.122,0.044,0.024,0.09,0.016,0.088,0.15
"kTflxp5CFM82owyQ4ieB",0.248,0.21,0.108,0.046,0.04,0.094,0.014,0.074,0.166
"KTgxmy2ksDRShJInj83t",0.138,0.22,0.346,0.038,0.054,0.034,0.024,0.046,0.1
"KtJ4TzYQBwiFRXs6f3hn",0.136,0.166,0.496,0.048,0.028,0.022,0.02,0.028,0.056
"KTloxO2q73NngdJhIYzj",0.112,0.57,0.128,0.018,0.016,0.026,0.01,0.038,0.082
"KtmUg3AlZHkzuQJNjcGp",0.388,0.106,0.064,0.08,0.032,0.062,0.022,0.062,0.184
"KTOYBD8s0IuAd1NWHmLg",0.164,0.534,0.116,0.022,0.006,0.064,0.004,0.026,0.064
"KTRedlDzcCxjXfn940wM",0.302,0.248,0.146,0.032,0.012,0.11,0.024,0.048,0.078
"KtUm4swxNH8uTj5qSBQb",0.162,0.028,0.034,0.128,0.036,0.122,0.056,0.364,0.07
"KtuNMdSBr4yUDznVGl2Z",0.122,0.542,0.106,0.034,0.014,0.092,0.002,0.034,0.054
"KTVaHRWw8vrhGnzDg62e",0.2,0.078,0.092,0.136,0.044,0.096,0.042,0.134,0.178
"ktvRGp4VfdTbq1aPUrno",0.188,0.218,0.148,0.034,0.01,0.106,0.018,0.038,0.24
"KTx4UZOiNonVyk5pB1vG",0.066,0.032,0.012,0.078,0.022,0.064,0.054,0.608,0.064
"Kty5nCWS9GzDV1kaU3PB",0.332,0.154,0.112,0.098,0.028,0.102,0.014,0.04,0.12
"kTyonGtiCQvDEHS2gzsP",0.196,0.07,0.05,0.142,0.044,0.172,0.058,0.152,0.116
"kTzD4osHwnbKvqL0h7i5",0.176,0.51,0.118,0.034,0.008,0.066,0.014,0.036,0.038
"Ktzh90q7YP6n1iITrWlk",0.102,0.038,0.028,0.11,0.036,0.104,0.052,0.464,0.066
"kU35htyKbVAWXvdwPMCN",0.154,0.504,0.202,0.016,0.016,0.026,0.016,0.022,0.044
"kU3Wb4eEPoZQcyuH6Ki2",0.288,0.188,0.102,0.062,0.014,0.104,0.044,0.058,0.14
"ku8Xh3ConpdVrMLFlB9E",0.118,0.49,0.124,0.034,0.024,0.058,0.006,0.06,0.086
"Kua9GZgYNEH1QypqClm5",0.15,0.558,0.148,0.02,0.018,0.034,0.006,0.018,0.048
"kUAFYgSqxDb05QeERMBc",0.254,0.188,0.066,0.062,0.028,0.156,0.022,0.112,0.112
"kuaJeiwbSfZrgoP6OTs7",0.186,0.044,0.102,0.142,0.032,0.122,0.036,0.122,0.214
"KUbR3CFx4B1wJtqrDz5j",0.194,0.138,0.372,0.062,0.054,0.058,0.008,0.026,0.088
"kucfVvahZiWw8qCIYDol",0.142,0.128,0.06,0.08,0.05,0.206,0.054,0.138,0.142
"kUCjD4cAdyZr8wv7Egti",0.188,0.172,0.326,0.054,0.024,0.072,0.012,0.03,0.122
"KudcN9m6YDCIh0a2ygPp",0.128,0.024,0.014,0.13,0.044,0.086,0.058,0.442,0.074
"Kue5sQEdTZyoHim9LhCk",0.206,0.238,0.086,0.05,0.03,0.134,0.032,0.102,0.122
"kUGo8OFx4r1htl6WwgDQ",0.094,0.03,0.022,0.274,0.042,0.092,0.212,0.12,0.114
"kUjRiq3TZG5ADePYr6hl",0.154,0.194,0.396,0.028,0.036,0.064,0.016,0.054,0.058
"KunzSM7FAO3HJ1BTcevN",0.092,0.02,0.012,0.064,0.024,0.054,0.05,0.65,0.034
"kUoRxjWqfe6CmNFTaSiX",0.092,0.024,0.022,0.098,0.03,0.058,0.096,0.488,0.092
"kuq5Vd4TQ3LRoCNAgrO9",0.15,0.148,0.406,0.048,0.054,0.032,0.05,0.032,0.08
"kUswA1lNzX2LvRK36ITE",0.258,0.09,0.062,0.116,0.028,0.146,0.03,0.128,0.142
"KUtEoQvRpIP4gJByhmD8",0.386,0.124,0.116,0.042,0.018,0.086,0.032,0.11,0.086
"KUvfya65MoqEk8BsuzeQ",0.158,0.312,0.096,0.086,0.03,0.146,0.024,0.062,0.086
"kUwA68EGXMqCZHb9TvP3",0.204,0.196,0.254,0.032,0.024,0.112,0.014,0.038,0.126
"KUwiIgcYGFRtq91M48CQ",0.226,0.226,0.158,0.046,0.026,0.086,0.038,0.044,0.15
"kuwOYNmHAvpbTsoDCXtK",0.132,0.126,0.448,0.06,0.046,0.034,0.024,0.062,0.068
"KUzHwqAtQyVS5eNlZLdR",0.124,0.428,0.15,0.038,0.022,0.068,0.002,0.058,0.11
"kv2aFJWDrdCX37RIiO4q",0.212,0.034,0.066,0.144,0.046,0.166,0.068,0.15,0.114
"kV7m2ATqzusJbnQpiEv4",0.152,0.174,0.42,0.058,0.036,0.052,0.012,0.018,0.078
"kv7uGYyxCT49MZPFlOdH",0.192,0.156,0.27,0.086,0.054,0.096,0.022,0.044,0.08
"KvAIEM9d6tWUSo4mpj2T",0.146,0.196,0.268,0.094,0.056,0.07,0.018,0.052,0.1
"KvEH7ZslBaYjbtWAJU3Q",0.232,0.366,0.108,0.036,0.014,0.092,0.012,0.038,0.102
"kVfD8qLj7pRoZ6TN3U0A",0.22,0.234,0.102,0.112,0.034,0.114,0.026,0.058,0.1
"KVGdaZAHQ7Sftz3Ypgnh",0.076,0.15,0.464,0.076,0.036,0.068,0.024,0.042,0.064
"kVhKSC0dLt2pJNraR4lZ",0.144,0.348,0.136,0.04,0.014,0.11,0.016,0.066,0.126
"kVmDfCPLX1xibJ5pA4BE",0.14,0.544,0.194,0.014,0.012,0.024,0.004,0.024,0.044
"KvMDYTb8l54PwpBRHIVf",0.172,0.032,0.022,0.174,0.048,0.068,0.088,0.254,0.142
"KvMkqdmSIrfA5ohDgWeR",0.112,0.186,0.462,0.028,0.042,0.03,0.014,0.04,0.086
"KVN3SHdJotqFwc2REub6",0.136,0.164,0.428,0.046,0.04,0.06,0.024,0.038,0.064
"kVqFat2Ws4IKyG3QhiDB",0.182,0.252,0.12,0.058,0.016,0.128,0.026,0.1,0.118
"Kvr0QjcZWobCYdzfuqHN",0.144,0.216,0.276,0.09,0.05,0.098,0.016,0.04,0.07
"KvrBA83JtpqUaQ6Cghme",0.112,0.472,0.188,0.046,0.038,0.05,0.016,0.026,0.052
"kVsbrSQxvLO1nMlhoeU0",0.106,0.192,0.438,0.044,0.034,0.038,0.02,0.07,0.058
"kVsZ6DcoBdjhwryeMP4C",0.302,0.148,0.108,0.082,0.03,0.08,0.02,0.096,0.134
"kVTwBcKP3msOZWvCEi10",0.128,0.46,0.138,0.058,0.028,0.036,0.012,0.042,0.098
"kVvF61wHZ2rRLsmECp3K",0.162,0.022,0.03,0.118,0.03,0.09,0.088,0.314,0.146
"KvXpCYyNlHVdb748gDUZ",0.164,0.098,0.058,0.178,0.06,0.108,0.058,0.142,0.134
"kVZiQaHuJmBhr59eA37g",0.062,0.012,0.006,0.084,0.024,0.052,0.062,0.646,0.052
"KW2CFhO8BsdM6QuHw1vR",0.124,0.46,0.158,0.032,0.026,0.058,0.004,0.074,0.064
"kW6dBqAlSJYLsgeFtPCR",0.394,0.08,0.102,0.098,0.016,0.098,0.028,0.09,0.094
"kwdqR0MzoWmEGZl7HC1y",0.188,0.144,0.386,0.052,0.044,0.048,0.044,0.04,0.054
"kwEM4XJvHdOiNe18Z3l0",0.122,0.522,0.128,0.034,0.034,0.046,0.016,0.036,0.062
"KwemOMinBAjPzEW2pdH1",0.312,0.068,0.056,0.094,0.034,0.122,0.03,0.13,0.154
"kWgBHtj5slmv8EUVpNuJ",0.118,0.176,0.418,0.048,0.05,0.052,0.036,0.036,0.066
"kwgKfTElt6MumQqLXd30",0.172,0.424,0.148,0.036,0.02,0.046,0.014,0.038,0.102
"kwHtNdGBq285aclYbPOR",0.064,0.018,0.012,0.064,0.024,0.078,0.05,0.636,0.054
"KWi8jT9Aek1lq0yOHVBC",0.146,0.174,0.476,0.032,0.04,0.032,0.016,0.022,0.062
"KWirGYwtXLsUQC75oERp",0.368,0.112,0.106,0.104,0.044,0.068,0.024,0.088,0.086
"KWlGHQeTvcmBNPFquI5S",0.208,0.114,0.08,0.128,0.03,0.146,0.07,0.074,0.15
"KWLHnUOVig0rYBMcQCjb",0.136,0.166,0.416,0.036,0.036,0.05,0.038,0.034,0.088
"KWLxBs14MzJY8RXZGfEN",0.032,0.026,0.872,0.004,0.012,0.014,0.006,0.028,0.006
"KwMx9dvm2uqfXU83VOEb",0.074,0.032,0.034,0.214,0.044,0.108,0.176,0.252,0.066
"kwn0x5hSAb38lDe62tr7",0.144,0.024,0.03,0.118,0.044,0.094,0.062,0.394,0.09
"KwOyulYVZNJADXf16m05",0.132,0.598,0.122,0.018,0.014,0.038,0.01,0.016,0.052
"kWqltf9L4URMeJObmXnc",0.084,0.622,0.104,0.024,0.012,0.086,0.012,0.03,0.026
"KwSR8YdoLN3m5h7MQlyX",0.172,0.124,0.428,0.044,0.042,0.036,0.02,0.046,0.088
"kWVR5agJT1LZQEvX8rlm",0.264,0.134,0.044,0.122,0.034,0.142,0.042,0.086,0.132
"KwxYmsBojhCQa5kUbqy8",0.152,0.274,0.144,0.056,0.034,0.142,0.026,0.09,0.082
"kWYiEvFm7xbOd4rKSaUI",0.214,0.216,0.176,0.032,0.008,0.074,0.026,0.06,0.194
"kWYQPgF9miSbBUJEX6Ad",0.188,0.07,0.088,0.172,0.06,0.114,0.074,0.128,0.106
"kWyV4iXvjIGbSYDomseg",0.218,0.16,0.088,0.07,0.032,0.196,0.038,0.116,0.082
"KwZ8enkpT3HQS4qtuiVh",0.174,0.042,0.074,0.164,0.036,0.154,0.088,0.128,0.14
"Kx05p6EZM9gCGFWNRh3V",0.122,0.042,0.096,0.128,0.042,0.142,0.096,0.158,0.174
"Kx0WrIhoDlaO9d3NYfw6",0.102,0.032,0.016,0.074,0.022,0.05,0.04,0.578,0.086
"KX2gHFuBwMfmj9NcCaTp",0.172,0.14,0.37,0.058,0.05,0.044,0.024,0.066,0.076
"KX5hDiZgoq3RGnaQHj9O",0.184,0.11,0.46,0.046,0.05,0.034,0.016,0.02,0.08
"kxAzOJqtS9h0YulBG14m",0.252,0.226,0.166,0.04,0.016,0.06,0.016,0.05,0.174
"KXCwsZRpoFmtHNDrf4Ib",0.15,0.488,0.114,0.046,0.014,0.044,0.028,0.024,0.092
"kXeJB2oPr7jGCD50Fbg1",0.106,0.028,0.026,0.098,0.028,0.072,0.068,0.492,0.082
"kxHdhfKUzIQ6FZJLMv9s",0.276,0.268,0.092,0.038,0.018,0.118,0.018,0.046,0.126
"KXkSOQLItjBmucdClGb4",0.278,0.264,0.152,0.042,0.01,0.096,0.02,0.046,0.092
"kXLIKMnRCWiUwJtV935r",0.124,0.152,0.406,0.056,0.062,0.032,0.042,0.048,0.078
"kxM8tfoWpBciamew1GXA",0.146,0.024,0.012,0.094,0.03,0.086,0.058,0.472,0.078
"KXnhkQTmM54GfwYPuFpV",0.176,0.102,0.074,0.138,0.05,0.138,0.038,0.102,0.182
"kXni0wed2hpf3myQaLVZ",0.126,0.218,0.456,0.018,0.034,0.04,0.032,0.024,0.052
"kXO5NvP0EG7hxLTBfCpI",0.172,0.088,0.058,0.14,0.036,0.116,0.08,0.088,0.222
"kxptFa5z1EjO3hDLgcZR",0.124,0.018,0.024,0.138,0.038,0.074,0.072,0.394,0.118
"kxtoHV5j2c8rBnpPfRy7",0.114,0.55,0.194,0.01,0.01,0.04,0.012,0.014,0.056
"kXUhp4JLViaQW2sm6Mj5",0.168,0.194,0.274,0.068,0.056,0.084,0.01,0.044,0.102
"kxvVsM7c3WSo2Ne5T1XY",0.198,0.124,0.106,0.162,0.058,0.092,0.04,0.134,0.086
"kxwyLa1eTz6Xqs0dKNRB",0.096,0.568,0.16,0.018,0.024,0.034,0.006,0.036,0.058
"KxwZ3oXjH78pymNhl9WQ",0.116,0.042,0.06,0.148,0.056,0.15,0.102,0.182,0.144
"kXxIWSvTLi5P28RObzBD",0.076,0.686,0.1,0.022,0.014,0.034,0.01,0.014,0.044
"kxXYKQqFPBg9EO1ea6ZJ",0.132,0.524,0.112,0.028,0.016,0.072,0.004,0.052,0.06
"KXYBNxqQZHs05JDRa2WE",0.052,0.674,0.112,0.01,0.024,0.054,0.01,0.028,0.036
"kY24p5j9vdWJIoPzaLtA",0.116,0.152,0.466,0.046,0.04,0.028,0.016,0.07,0.066
"Ky3McZ8z1eDGURvOhQJI",0.19,0.05,0.074,0.122,0.046,0.134,0.092,0.148,0.144
"Ky3uocbQUIgZYqJmxsjO",0.172,0.144,0.394,0.06,0.04,0.034,0.026,0.058,0.072
"kY8v6yMAZ7OsGIf4eELT",0.16,0.518,0.104,0.04,0.016,0.062,0.004,0.04,0.056
"KycOHqgItjw4mW5PN982",0.13,0.152,0.43,0.038,0.038,0.048,0.024,0.048,0.092
"kYctjql32dWNVyCI1Fz6",0.288,0.2,0.132,0.038,0.016,0.064,0.012,0.05,0.2
"kyd5rAYNQhoM8ExnGfU0",0.144,0.18,0.432,0.024,0.034,0.046,0.016,0.06,0.064
"Kydpwqs5z3VnjREMWrDv",0.104,0.5,0.176,0.022,0.026,0.046,0.02,0.042,0.064
"kYGnOrHLCS16cI70NpuR",0.134,0.306,0.136,0.074,0.008,0.13,0.05,0.066,0.096
"KYjNA8muoLE34CbgZsO1",0.176,0.148,0.39,0.044,0.05,0.05,0.018,0.044,0.08
"KylLxX9TodPsVh8Ygw7v",0.076,0.038,0.03,0.076,0.028,0.078,0.048,0.528,0.098
"KyNCYF6mZUVPBw51ic0z",0.14,0.564,0.158,0.02,0.02,0.034,0.01,0.012,0.042
"KyOb1LY0XHguw4o2C3N6",0.144,0.024,0.044,0.134,0.058,0.09,0.1,0.27,0.136
"KypzHcr0aY6wXdZOlWFL",0.15,0.024,0.022,0.118,0.034,0.086,0.088,0.38,0.098
"kYqt75Q8E6GJULPA1Wuh",0.18,0.208,0.236,0.108,0.038,0.088,0.02,0.064,0.058
"KyZbR9GPzx6djuiUE1kS",0.112,0.064,0.056,0.176,0.042,0.194,0.1,0.146,0.11
"KYZEFnWLtk2ioNXIDxV1",0.132,0.134,0.41,0.072,0.046,0.064,0.018,0.058,0.066
"KYzoxLFJcWUigNljayQE",0.122,0.486,0.15,0.05,0.026,0.044,0.018,0.032,0.072
"KZ21eG6a3bzLMJliyTAR",0.174,0.024,0.032,0.12,0.03,0.096,0.062,0.332,0.13
"kZ3dHVyWhjM8vrnFJe4L",0.08,0.022,0.012,0.234,0.038,0.088,0.268,0.188,0.07
"KZ3slOeUL0M6XJvNEDuT",0.072,0.602,0.168,0.014,0.02,0.034,0.016,0.02,0.054
"kz7wVGIigc9Wjo8bDsHP",0.146,0.48,0.2,0.02,0.024,0.04,0.004,0.024,0.062
"kZaQrzim8UugXTtdGVCp",0.1,0.562,0.136,0.016,0.04,0.044,0.008,0.03,0.064
"kzb7w2MLEQrm4TgKIOaZ",0.296,0.178,0.138,0.03,0.022,0.07,0.032,0.086,0.148
"KzeBxSOI8G5ncgHNr0Xd",0.152,0.226,0.238,0.074,0.056,0.064,0.034,0.064,0.092
"KzeqbkUmi48woIM0LJHR",0.118,0.02,0.028,0.228,0.052,0.112,0.198,0.168,0.076
"kzfCUAZdoPT0yVcDlh1s",0.14,0.152,0.492,0.022,0.034,0.036,0.012,0.058,0.054
"KZlP5Lxqk6yGAHnBO4Fw",0.138,0.274,0.088,0.086,0.03,0.154,0.022,0.078,0.13
"kzmXhvCpNi5UBDOK0SwH",0.24,0.214,0.104,0.06,0.014,0.12,0.012,0.072,0.164
"kzO30r7IEs6mWMnVlei5",0.08,0.578,0.15,0.028,0.02,0.058,0.022,0.032,0.032
"KZr13HmwvhQk68eF9Jtp",0.162,0.054,0.062,0.122,0.02,0.134,0.098,0.154,0.194
"kZRDKfOa2hxVnH09opcQ",0.208,0.2,0.342,0.038,0.046,0.04,0.016,0.04,0.07
"kZw0ByaSeHE7UoQdLszW",0.104,0.602,0.126,0.026,0.012,0.056,0.016,0.026,0.032
"kzYF8mfxvECNhrqgp6Rs",0.078,0.02,0.026,0.104,0.034,0.074,0.068,0.49,0.106
"L02QgbY8GqH59MOEUFmX",0.154,0.366,0.16,0.046,0.014,0.12,0.018,0.034,0.088
"l03kq4M1DJpUhWKPws9y",0.284,0.162,0.174,0.056,0.026,0.082,0.022,0.082,0.112
"L03XCZFNvGxbzyedHSjs",0.172,0.074,0.058,0.138,0.04,0.16,0.078,0.102,0.178
"l083Zs59AImcKQovujBR",0.106,0.064,0.66,0.032,0.036,0.024,0.01,0.028,0.04
"L0CfSyZKT5eJW6dBvnMl",0.154,0.056,0.026,0.1,0.024,0.198,0.094,0.196,0.152
"l0dkHg9O31KzSXxuTtbe",0.346,0.152,0.084,0.056,0.03,0.098,0.024,0.07,0.14
"L0lWSvYDbVXiZK2jpE5g",0.08,0.038,0.014,0.292,0.058,0.066,0.184,0.152,0.116
"L0MDRi1UjeBP3WbGJYdf",0.208,0.12,0.062,0.148,0.032,0.124,0.06,0.144,0.102
"L0ozkFQKZ6vV31IN84MO",0.2,0.09,0.044,0.104,0.03,0.238,0.048,0.108,0.138
"l0SUhOWnIENeZmJ2jCB7",0.296,0.134,0.12,0.058,0.022,0.098,0.05,0.074,0.148
"L0sWdClbATpIgUxiES1o",0.216,0.226,0.136,0.038,0.02,0.128,0.006,0.1,0.13
"L0XcVyx2dJK3ngz7Qbru",0.154,0.314,0.11,0.068,0.02,0.14,0.052,0.06,0.082
"L0YPIq1s63JGOZKtNHyf",0.182,0.052,0.056,0.168,0.038,0.156,0.068,0.114,0.166
"L0YyO4NIQqbZnGr8ejUB",0.136,0.342,0.116,0.08,0.01,0.162,0.024,0.052,0.078
"L10qiExnwPCd4t7WFO2N",0.194,0.184,0.068,0.104,0.032,0.124,0.066,0.122,0.106
"L1FU7zOHdtnfihku2oIJ",0.272,0.156,0.08,0.116,0.028,0.118,0.03,0.09,0.11
"L1GpQgxuR0zcBqm4VvTE",0.206,0.162,0.164,0.038,0.01,0.126,0.014,0.058,0.222
"L1kUtZclr4myYAVFPh83",0.332,0.254,0.132,0.048,0.004,0.098,0.024,0.03,0.078
"L1lEASjWPpo4wICUB8dk",0.17,0.128,0.492,0.04,0.046,0.022,0.006,0.024,0.072
"L1M6oNjbcge83kFA7OdJ",0.168,0.066,0.06,0.156,0.052,0.164,0.04,0.102,0.192
"l1pC4o6PRzLuigEAGkwb",0.114,0.456,0.184,0.05,0.03,0.056,0,0.052,0.058
"l1Q2hELXDTuwFbCovztf",0.238,0.24,0.14,0.054,0.012,0.076,0.024,0.056,0.16
"l1RYkuLrsjHKaiS3WFAX",0.106,0.202,0.446,0.024,0.034,0.036,0.034,0.038,0.08
"l1sD7zk0wFXmaGnSgIjq",0.188,0.192,0.268,0.076,0.064,0.088,0.02,0.05,0.054
"L1WwIc6A47qNEeBQpDOd",0.216,0.266,0.158,0.024,0.018,0.084,0.026,0.052,0.156
"L1x928CyRikZFGfJdXYa",0.268,0.206,0.13,0.05,0.02,0.086,0.018,0.032,0.19
"l20DwYfxBJIURNHi54Fu",0.14,0.19,0.43,0.036,0.04,0.034,0.014,0.024,0.092
"l23ZVCJtAj4oSiIf0ecM",0.18,0.072,0.066,0.128,0.038,0.164,0.076,0.098,0.178
"L26fKZgtEXikcPmS9CNd",0.248,0.208,0.09,0.088,0.042,0.112,0.044,0.052,0.116
"L26Wh1lOmQacIMSXNR0k",0.19,0.48,0.156,0.026,0.02,0.046,0.014,0.01,0.058
"L285GbFhysJYS6Vd17QR",0.406,0.164,0.098,0.04,0.02,0.114,0.008,0.052,0.098
"l28M7NwXoRETtLImvkYU",0.1,0.112,0.514,0.062,0.052,0.044,0.028,0.046,0.042
"L2FX4ZogOhEIJNuA9r6a",0.154,0.512,0.13,0.028,0.024,0.034,0.012,0.034,0.072
"l2GHwDQcaEo0FTSvz4Jk",0.184,0.13,0.162,0.104,0.068,0.1,0.04,0.08,0.132
"L2mgzGV0DwdN39qQ8WEx",0.138,0.532,0.12,0.024,0.036,0.054,0.01,0.036,0.05
"l2ptFTAwn16CWK9QarHM",0.152,0.508,0.112,0.024,0.024,0.072,0.01,0.034,0.064
"l2q6XNExdweVzp5O1TQh",0.13,0.19,0.476,0.042,0.052,0.032,0.03,0.016,0.032
"L2RTXIsZGYWSPCoQFJVU",0.154,0.5,0.16,0.034,0.016,0.032,0.006,0.032,0.066
"l2WNsdtSnimcr5VDEQC4",0.196,0.214,0.25,0.088,0.034,0.08,0.012,0.062,0.064
"l30XqMSfCmybEohVFaAK",0.132,0.542,0.156,0.022,0.012,0.05,0.016,0.018,0.052
"L3EGpZr0UavFq6PQS7dk",0.12,0.212,0.338,0.056,0.032,0.066,0.028,0.072,0.076
"l3fC9JuTrBebo5WDsRVY",0.18,0.454,0.158,0.018,0.02,0.046,0.008,0.026,0.09
"l3jCozvgu5NEWR0hBOJm",0.194,0.152,0.342,0.038,0.05,0.026,0.03,0.08,0.088
"L3k67lRbAFOTgpUrMmNf",0.034,0.006,0.02,0.106,0.022,0.058,0.538,0.146,0.07
"l3mknzGUo2LrMBAsIVfa",0.154,0.074,0.028,0.134,0.032,0.272,0.084,0.116,0.106
"l3mwa1JviK6jthecgu5G",0.25,0.194,0.16,0.048,0.026,0.07,0.012,0.058,0.182
"l3Ypw1d0BUWvPQS9XtmM",0.138,0.138,0.392,0.088,0.058,0.056,0.026,0.024,0.08
"L4AnbfNTC7Yvk9Xxd8sh",0.078,0.03,0.04,0.212,0.062,0.09,0.208,0.186,0.094
"l4KujPI6XTLUfHzM1mWi",0.046,0.012,0.034,0.126,0.04,0.06,0.55,0.086,0.046
"L4SZzqHk2lUtW6QOxJf7",0.226,0.3,0.166,0.05,0.018,0.086,0.006,0.042,0.106
"L4WPDIk96U0rFx3TpQZg",0.164,0.054,0.044,0.21,0.04,0.208,0.034,0.128,0.118
"L53tebafYGuDWxKC4B67",0.136,0.204,0.324,0.034,0.056,0.048,0.028,0.06,0.11
"l54kBKLZn1GUiFdhWP3J",0.298,0.314,0.122,0.026,0.008,0.068,0.016,0.03,0.118
"l5LatXTfFmNdV129HjYP",0.108,0.202,0.086,0.126,0.04,0.154,0.05,0.102,0.132
"L5n8JtZeB7A26McHrqdm",0.158,0.202,0.396,0.04,0.034,0.052,0.02,0.022,0.076
"L5OGIbfiDJ6MhseQqBTW",0.128,0.508,0.152,0.02,0.028,0.046,0.012,0.064,0.042
"L5oXA8lSmzV1spGRZQEn",0.162,0.126,0.424,0.05,0.046,0.04,0.028,0.034,0.09
"l5PQuITRmzDGF1U4E2wg",0.254,0.222,0.126,0.026,0.012,0.102,0.036,0.032,0.19
"L5rtNu8F7CGIfY0mMniw",0.142,0.55,0.178,0.014,0.016,0.034,0.002,0.012,0.052
"l5UDrZi61IFQ3NKsMa4A",0.206,0.258,0.146,0.09,0.022,0.078,0.018,0.056,0.126
"l5UvZL1BYqAoKSFxdQJP",0.228,0.156,0.19,0.098,0.028,0.09,0.008,0.064,0.138
"L5V8yjYA3anx4127ftsq",0.098,0.662,0.094,0.016,0.02,0.026,0,0.044,0.04
"l5yYcgjiNpZISKkDQfba",0.148,0.196,0.262,0.086,0.048,0.074,0.03,0.054,0.102
"l67i3JcNfI8OuRCSoejH",0.09,0.116,0.544,0.06,0.046,0.04,0.018,0.036,0.05
"L6EXBomx4id7aW5S2zCJ",0.204,0.294,0.152,0.092,0.016,0.064,0.016,0.054,0.108
"L6f2p7anxAyO5CtZ0K4s",0.05,0.03,0.008,0.098,0.026,0.054,0.06,0.61,0.064
"l6jGUHpC0gLm8K9os12E",0.112,0.078,0.054,0.138,0.062,0.176,0.104,0.152,0.124
"l6jxRiyPwcdqeCVzQBpf",0.208,0.056,0.074,0.126,0.034,0.146,0.042,0.126,0.188
"L6kDRsH8IuB1md34ifol",0.182,0.33,0.098,0.072,0.02,0.124,0.022,0.062,0.09
"L6keqzRZNMrdYhym3jcH",0.264,0.216,0.108,0.086,0.036,0.124,0.012,0.092,0.062
"L6lYNbsFDKGSEZQ2BjoX",0.158,0.192,0.364,0.038,0.044,0.042,0.034,0.052,0.076
"l6m9LSypj4R1cBT8tdkV",0.15,0.1,0.072,0.1,0.032,0.128,0.06,0.116,0.242
"l6RpYMzJ9ImkjqGcBLfK",0.162,0.088,0.072,0.136,0.038,0.126,0.04,0.136,0.202
"L6snhHYcMzIjf8SRFX01",0.102,0.144,0.518,0.042,0.042,0.03,0.014,0.058,0.05
"L6uFnjrds4Vm72qS1Tiz",0.114,0.556,0.09,0.038,0.022,0.086,0.008,0.032,0.054
"L6VQJ3zsfWj12cYOpwKa",0.166,0.474,0.13,0.034,0.02,0.042,0.014,0.044,0.076
"L78j9nMGxUy3QRHWbwVK",0.13,0.5,0.124,0.03,0.022,0.064,0.01,0.046,0.074
"l7Lb36KUjEsHPrVwhn2c",0.142,0.294,0.122,0.08,0.014,0.12,0.042,0.094,0.092
"L7li6u0YS2OnhTMCIaRG",0.268,0.276,0.14,0.024,0.016,0.064,0.006,0.072,0.134
"L7M35isrgdmYyNuXbwHh",0.11,0.178,0.444,0.044,0.062,0.03,0.016,0.048,0.068
"L7N4UDypYfxzROwl8cG6",0.056,0.026,0.052,0.316,0.048,0.124,0.202,0.088,0.088
"L7pUtOiNJPQRSDdCcXAE",0.122,0.142,0.468,0.062,0.032,0.05,0.02,0.036,0.068
"l7qfOdYCnJ0oN21TFHPm",0.086,0.03,0.056,0.088,0.028,0.096,0.058,0.458,0.1
"L7trhbZqY2NBMJWPzXxD",0.2,0.236,0.038,0.082,0.032,0.138,0.024,0.082,0.168
"l7WnuUNPFBw9RvQjeJkq",0.072,0.018,0.046,0.188,0.03,0.086,0.404,0.11,0.046
"l7wZ3pqSXuTr2czb8VPi",0.14,0.508,0.14,0.024,0.026,0.038,0.008,0.036,0.08
"L86qA4zrhDBpolYOCaES",0.176,0.198,0.136,0.03,0.018,0.094,0.018,0.054,0.276
"l8axnELUPe7OMFbv5shG",0.164,0.426,0.194,0.012,0.032,0.046,0.002,0.02,0.104
"L8EWmNRdc4s7I65qwpie",0.132,0.566,0.128,0.02,0.03,0.03,0.004,0.04,0.05
"L8i5bm4Er7Y2wCVPz9sd",0.148,0.196,0.264,0.094,0.052,0.072,0.024,0.046,0.104
"l8iHjtwpFe4qdhUProaQ",0.162,0.146,0.48,0.042,0.034,0.048,0.008,0.024,0.056
"L8ntYQ7ORHcPNdpZ6kIa",0.148,0.05,0.066,0.172,0.034,0.142,0.086,0.106,0.196
"L8pN7ifTZC2rEnDlAsVt",0.116,0.158,0.474,0.038,0.038,0.05,0.028,0.052,0.046
"L8U9mEQabZizGsh74R2u",0.18,0.408,0.18,0.022,0.01,0.046,0.004,0.036,0.114
"L8wK31Iy6VABtMCYGnfq",0.142,0.134,0.476,0.03,0.04,0.054,0.016,0.048,0.06
"l91PSUAFJ2kMDxz6RetI",0.112,0.178,0.458,0.028,0.064,0.056,0.008,0.042,0.054
"l95A7fUXrZzmcg3VQuRF",0.216,0.328,0.148,0.032,0.018,0.08,0.022,0.032,0.124
"l9b3gycUNwGMHFBd0WrX",0.246,0.364,0.14,0.032,0.012,0.05,0.016,0.044,0.096
"L9GpD3b7fNYQgsvrHwFq",0.164,0.562,0.14,0.014,0.014,0.03,0.014,0.016,0.046
"l9hgRQd2sPJM6x1Aryf8",0.134,0.108,0.582,0.036,0.032,0.048,0.008,0.022,0.03
"L9hlBc2Iu4N1kdxHfGKP",0.14,0.046,0.03,0.232,0.048,0.112,0.088,0.15,0.154
"l9hsINvPWgd3eq4TfRnk",0.052,0.008,0.01,0.094,0.024,0.05,0.07,0.618,0.074
"L9jripATxB5SkMJszoNl",0.342,0.138,0.088,0.096,0.01,0.096,0.02,0.084,0.126
"l9NerJLME0AQnkgCcvUi",0.162,0.04,0.062,0.15,0.04,0.114,0.124,0.16,0.148
"L9OM4yBxa1jmvRrzNE2I",0.316,0.302,0.112,0.02,0.006,0.102,0.016,0.042,0.084
"l9U2GkLj3bpxuaDTzWV7",0.088,0.616,0.15,0.02,0.012,0.026,0.008,0.03,0.05
"la85Nwc1UMyKuvWRdqpZ",0.102,0.13,0.458,0.066,0.056,0.046,0.04,0.036,0.066
"laBcMGDWxZEQAd3FebHK",0.158,0.174,0.378,0.056,0.06,0.04,0.016,0.024,0.094
"LAevtw2hyaRW7sQkU98o",0.09,0.038,0.022,0.116,0.022,0.07,0.07,0.498,0.074
"lAFiyqNuvn9HOxL8ZKkR",0.184,0.07,0.084,0.144,0.052,0.16,0.058,0.13,0.118
"LaHmB2WZtMN3R7Jqze5y",0.146,0.204,0.402,0.03,0.036,0.052,0.03,0.024,0.076
"laIKr2idkh1G6zN3qFgo",0.116,0.094,0.604,0.018,0.034,0.06,0.022,0.016,0.036
"lajymDSivwebpOoEGUz2",0.178,0.086,0.052,0.09,0.014,0.158,0.058,0.154,0.21
"LakCTI3ys7iSBtWxVlc8",0.26,0.164,0.18,0.052,0.018,0.056,0.014,0.04,0.216
"LaniQoZ6INbwpvxSJAef",0.15,0.238,0.41,0.04,0.03,0.042,0.014,0.036,0.04
"Lao5lTe8OqpBQEGv6fZR",0.336,0.098,0.104,0.13,0.028,0.074,0.024,0.092,0.114
"LaOslRbVm5SMivGpjunh",0.118,0.544,0.116,0.032,0.028,0.046,0.014,0.05,0.052
"LAQIRxafEg97SmoFpJ6Z",0.282,0.166,0.162,0.046,0.014,0.132,0.014,0.058,0.126
"LAS7UgE2Yz6J5RZQW3Fm",0.28,0.148,0.136,0.088,0.026,0.088,0.02,0.076,0.138
"lAWgJ4qmZ26nO1Uv9IbS",0.134,0.076,0.094,0.166,0.042,0.154,0.088,0.104,0.142
"LazJvl2sZOGSuDetKArg",0.116,0.556,0.124,0.016,0.02,0.04,0.014,0.058,0.056
"lb3Pwk6Wp072IuFQmLSV",0.204,0.154,0.14,0.086,0.038,0.134,0.038,0.094,0.112
"lb5W7TOy4PcwrML9ZYVk",0.258,0.312,0.166,0.034,0.01,0.09,0.014,0.026,0.09
"LB7WcDxRV1dGrAm4MyCq",0.15,0.51,0.164,0.016,0.036,0.036,0.008,0.02,0.06
"LbAO7l485s9oHGwcUery",0.124,0.122,0.404,0.06,0.074,0.054,0.032,0.06,0.07
"LbBV3xmqGiuRghISrkXf",0.178,0.096,0.076,0.132,0.022,0.126,0.028,0.198,0.144
"LbEgkA5az0W9rGNYFoQp",0.12,0.486,0.154,0.022,0.018,0.054,0.01,0.038,0.098
"LBfbk0q8PAH67ivUEoSh",0.126,0.184,0.43,0.058,0.052,0.026,0.004,0.036,0.084
"LBGpHhFMX4lRKn9uswD0",0.158,0.048,0.044,0.134,0.048,0.108,0.082,0.196,0.182
"LBijHaFApUeRW6DyPsEK",0.164,0.196,0.318,0.05,0.04,0.1,0.016,0.05,0.066
"LbKTDZvxlyB1tPiwduIY",0.056,0.01,0.034,0.196,0.052,0.088,0.42,0.106,0.038
"LbMCh8me6ylQEgoVNSJi",0.108,0.402,0.098,0.064,0.016,0.108,0.024,0.092,0.088
"lBMQioUbPzgO9YnvrhVI",0.224,0.06,0.082,0.15,0.052,0.094,0.076,0.088,0.174
"lBnEMRgbKVa8NhtY3xjI",0.184,0.206,0.102,0.076,0.016,0.114,0.04,0.102,0.16
"lBPbSXdKFaHoCJcTi0Vu",0.362,0.186,0.086,0.068,0.024,0.064,0.014,0.082,0.114
"lBPLk0N28tzhf4a3AxQJ",0.166,0.044,0.084,0.124,0.042,0.138,0.108,0.132,0.162
"lbpRnVu8QCeHU4AOBZKX",0.148,0.17,0.392,0.032,0.054,0.058,0.01,0.078,0.058
